2050
2051
2052
6149
2058
2061
2063
20499
14358
2071
2072
4121
6171
28699
2078
2080
2084
2087
2091
22571
2094
2098
26675
6196
2100
2102
6199
2099
26682
2107
14395
14397
4160
10305
2113
4164
14406
24646
2121
24655
2135
6233
6234
2139
24668
2140
24670
4190
2145
18532
2151
2152
12393
8298
4206
4209
20598
22647
12407
26745
2172
4221
2174
16514
26755
14477
6289
4248
2200
4251
14499
2213
4262
6316
18606
6321
2226
2228
2232
4285
2241
2243
2245
10439
2250
4298
8400
16593
8407
4312
2265
10461
10462
4321
10468
2278
2290
6387
2295
4344
2298
20740
16646
2312
28937
10509
4366
10514
4371
4372
2323
2330
6428
14621
16670
28960
4386
8485
2342
2350
2354
12601
20794
2361
6464
2371
2373
8526
2389
10581
2391
6499
26994
8566
4474
6524
2428
2430
10623
8576
20868
24964
2438
12680
4489
2440
2442
12683
8584
2447
4498
29076
2453
6551
6553
10655
20898
2475
2480
16819
8630
2487
8635
2497
2502
4552
4553
6600
2509
2512
2514
10710
10712
2521
2522
4570
25052
8669
2527
18921
6635
27118
4593
8689
16883
10740
14833
2549
14839
2546
8699
6651
2559
4611
27147
2575
12817
2581
2582
29211
2592
2595
6692
2597
6699
14891
4654
21041
18996
4661
8757
21047
2615
2618
4668
2620
10817
25154
2629
4678
2633
4697
10842
16987
4707
2668
14958
2672
6772
8821
17012
2683
6787
2692
2693
8841
10889
14987
17048
6808
12954
6814
17056
8866
2723
2738
6835
19137
2755
13013
2784
4832
23271
23278
2801
4852
2812
4866
2821
6918
2825
6925
11032
2842
21277
19240
2860
15157
4919
6976
9029
2890
17235
2903
21341
21346
9062
9063
2941
2947
9092
21386
1013
7062
5016
7065
2969
2972
25500
5025
7073
7078
11174
29612
2989
29613
29615
29616
5041
21425
29617
13236
29618
29619
29620
29621
29622
29623
5051
29624
29625
29626
29627
29628
29629
29630
29631
3012
25540
15302
29632
29633
29634
29635
29636
29637
11213
29638
11215
29639
29640
29641
29642
29643
1010
11227
27611
3043
5092
1012
7142
9190
13288
1001
999
1000
1002
1003
1004
1005
3056
1006
1007
1011
1008
1009
1014
1015
3064
1016
1017
1018
1019
1020
1021
1022
1023
5121
1024
1025
1026
1027
3078
7175
1028
1029
3082
1030
11276
3085
1038
23567
5136
17423
1039
1043
1044
3092
1040
1041
1042
1045
13338
1046
1047
1048
1049
1050
1051
1052
1053
1059
1054
1055
3110
15399
1056
1057
1058
1060
1061
1062
1063
11311
1064
1065
1066
5177
19515
19517
7230
1031
3143
3145
1032
11341
1033
1034
5204
1035
9308
1036
9312
5220
15464
25709
27760
3193
25725
7297
3202
13444
19597
13454
5262
9366
13465
13471
11423
23713
3238
3241
7339
3243
5294
9397
11452
15549
3262
3267
25798
17610
7370
5328
7378
9428
7382
17626
21723
3294
5346
3311
5360
27900
23806
7423
25854
13566
3327
3336
17674
17678
17680
7444
9499
25890
7461
19763
3383
9530
3391
7487
7491
27972
3398
9543
5448
3401
15689
7512
21850
25947
17759
3423
25951
19813
3432
13674
3435
15725
19822
11631
9584
7539
5498
9597
23934
9603
3461
5510
3468
7580
17822
17826
19877
3497
3501
9647
7601
15793
7603
5554
3512
3517
7615
7619
9669
7634
3539
3543
3549
17897
3563
3568
7667
11765
3576
13818
5630
22016
11778
3599
11795
7699
11800
13848
11806
7712
11812
3622
5674
22059
3630
20014
7729
5683
11839
3652
7749
26186
7755
15950
28239
3665
3669
3670
3672
11867
20062
13918
26210
3686
7790
9839
5743
22134
22137
5758
3711
3716
28297
9869
5787
20123
7841
5793
3747
7848
7861
24256
14017
3778
3791
7902
20193
5860
3813
7913
16112
22267
7933
12031
16130
20228
16136
24333
5915
16157
20265
20287
10047
12099
22342
22346
22353
22360
3929
10074
8027
8040
12143
3952
8050
6011
24450
16258
8077
16270
8081
20369
14227
18327
3993
3997
22430
6061
4013
4025
14269
8134
1999
28625
2002
2005
26582
2015
6113
16360
24553
12268
2035
16371
4094
